Iteración,Tiempo Lineal (ns),Tiempo Normal (ns)
0,5319,8034
1,345739,9917
2,1837,8921
3,342256,9486
4,342580,6419
5,3434,9522
6,1843,7460
7,2059,5167
8,2082,8669
9,343768,4306
10,335095,8069
11,2470,3569
12,2119,8275
13,340972,8040
14,344195,9074
15,2042,6061
16,1127,10085
17,342582,6166
18,338377,8262
19,1093,6258
20,341726,3693
21,341474,3400
22,349627,9422
23,353750,10171
24,344366,6840
25,343680,3861
26,343554,7122
27,338762,22521
28,367407,14904
29,12797,13862
30,3881,18725
31,346026,6175
32,1460,8652
33,247716,3917
34,1458,10275
35,1268,5623
36,342849,7669
37,348442,7491
38,2340,9868
39,117448,3343
40,1418,10251
41,355266,7801
42,2129,7666
43,1820,8912
44,1275,3615
45,342952,8817
46,1307,9265
47,343374,3579
48,2319,8196
49,1176,7429
